22222222222222222222222222222222222222222222222222222222222222222222222222222222222222222222222222222
29000000000000000000000000000000000000000000000000000000000000000000000000000000000000000000000000002
20000000000000000000000000000000000000000000000000000000000000000000000000000000000000000000000000002
20000000000000000000000000000000000000000000000000000000000000000000000000000000000000000000000000002
20000000000000000000000000000000000000000000000000000000000000000000000000000000000000000000000000002
20000000000000000000000000000000000000000000000000000000000000000000000000000000000000000000000000002
20000000000003000000000000000000000000000000000000000000000000000000000000000000000000000000000000002
20000000000333000000000000000000000000000000000000000000000000000000000000000000000000000000000000002
20003333330333330030000000000330000000000000000000000000000000000000000000000000000000000000000000002
20003333333333333333000033333330000000000000000000000000000000000000000000000000000000000000000000002
20003333333333333333300333333330000000000000000000000000000000000000000000000000000000000000000000002
20000300033333333333300333333333000000000000000000000000000000000000000000000000000000000000000000002
20000300333333333333333333333330000000000000000000000000000000000000000000000000000000000000000000002
20000000033330003333333333333333300000000000000000000000000000000000000000000000000000000000000000002
20000000333300033333333333333333300000000000000000000000000000000000000000000000000000000000000000002
20000000033300033333333333333333300000000000000000000000000000000000000000000000000000000000000000002
20000000033300333333033333333333300000000000000000000000000000000000000000000000000000000000000000002
20000000033000333333333333333300000000000000000000000000000000000000000000000000000000000000000000002
20000000000000033333333333333000000000000000000000000000000000000000000000000000000000000000000000002
20000000000000000000003333033030000000000000000000000000000000000000000000000000000000000000000000002
20000000000000000000003303000333333330000000000000000000000000000000000000000000000000000000000000002
20000000000000000000033303333333333030000000000333300000000000000000000000000000000000000000000000002
20000000000000000000000000330003333333000000003333333000000000000000000000000000000000000000000000002
20000000000000000000000000000000330033300000033333033000000000000000000000000000000000000000000000002
20000000000000000000000000000000330300300003333000033000000000000000000000000000000000000000000000002
20000000000000000000000000000000333300303303033333333000000000000000000000000000000000000000000000002
20000000000000000000000000000000333300333333333033030000000000000000000000000000000000000000000000002
20000000000000000000000000000000030000000000033033030000000000000000000000000000000000000000000000002
20000000000000000000000000000000000000000000003030000000000000000000000000000000000000000000000000002
20000000000000000000000000000000000000000000000033300000000000000000000000000000000000000000000000002
21111111111111111111111111111111111111111111111111111111111100000000000000000000000000000000000000002
20000000000000000000000000000000000000000000000000000000000000000000000000000000000000000000000000002
20000000000000000000000000000000000000000000000000000000000000000000000000000000000000000000000000002
20000000000000000000000000000000000000000000000000000000000000000000000000000000000000000000000000002
20000000000000000000000000000000000000000000000000000000000000000000000000000000000000000000000000002
20000000000000000000000000000000000000000000000000000000000000000000000000000000000000000000000000002
20000000000000000000000000000000000000000000000000000000000000000000000000000000000000000000000000002
20000000000000000000000000000000000000000000000000000000000000000000000000000000000000000000000000002
20000000000000000000000000000000000000000000000000000000000000000000000000000000000000000000000000002
20000000000000000000000000000000000000000000000000000000000000000000000000000000000000000000000000002
20000000000000000000000000000000000000000000000000000000000000000000000000000000000000000000000000002
20000000000000000000000000000000000000000000000000000000000000000000000000000000000000000000000000002
20000000000000000000000000000000000000000000000000000000000000000000000000000000000000000000000000002
20000000000000000000000000000000000000000000000000000000000000000000000000000000000000000000000000002
20000000000000000000000000000000000000000000000000000000000000000000000000000000000000000000000000002
20000000000000000000000000000000000000000000000000000000000000000000000000000000000000000000000000002
20000000000000000000000000000000000000000000000000000000000000000000000000000000000000000000000000002
20000000000000000000000000000000000000000000000000000000000000000000000000000000000000000000000000002
20000000000000000000000000000000000000000000000000000000000000000000000000000000000000000000000000002
20000000000000000000000000000000000000000000000000000000000000000000000000000000000000000000000000002
20000000000000000000000000000000000000000000000000000000000000000000000000000000000000000000000000002
20000000000000000000000000000000000000000000000000000000000000000000000000000000000000000000000000002
20000000000000000000000000000000000000000000000000000000000000000000000000000000000000000000000000002
20000000000000000000000000000000000000000000000000000000000000000000000000000000000000000000000000002
20000000000000000000000000000000000000000000000000000000000000000000000000000000000000000000000000002
20000000000000000000000000000000000000000000000000000000000000000000000000000000000000000000000000002
20000000000000000000000000000000000000000000000000000000000000000000000000000000000000000000000000002
20000000000000000000000000000000000000000000000000000000000000000000000000000000000000000000000000002
20000000000000000000000000000000000000000000000000000000000000000000000000000000000000000000000000002
20000000000000000000000000000000000000000000000000000000000000000000000000000000000000000000000000002
20000000000000000000000000000000000000000000000000011111111111111111111111111111111111111111111111112
20000000000000000000000000000000000000000000000000000000000000000000000000000000000000000000000000002
20000000000000000000000000000000000000000000000000000000000000000000000000000000000000000000000000002
20000000000000000000000000000000000000000000000000000000000000000000000000000000000000000000000000002
20000000000000000000000000000000000000000000000000000000000000000000000000000000000000000000000000002
20000000000000000000000000000000000000000000000000000000000000000000000000000000000000000000000000002
20000000000000000000000000000000000000000000000000000000000000000000000000000000000000000000000000002
20000000000000000000000000000000000000000000000000000000000000000000000000000000000000000000000000002
20000000000000000000000000000000000000000000000000000000000000000000000000000000000000000000000000002
20000000000000000000000000000000000000000000000000000000000000000000000000000000000000000000000000002
20000000000000000000000000000000000000000000000000000000000000000000000000000000000000000000000000002
20000000000000000000000000000000000000000000000000000000000000000000000000000000000000000000000000002
20000000000000000000000000000000000000000000000000000000000000000000000000000000000000000000000000002
20000000000000000000000000000000000000000000000000000000000000000000000000000000000000000000000000002
20000000000000000000000000000000000000000000000000000000000000000000000000000000000000000000000000002
20000000000000000000000000000000000000000000000000000000000000000000000000000000000000000000000000002
20000000000000000000000000000000000000000000000000000000000000000000000000000000000000000000000000002
20000000000000000000000000000000000000000000000000000000000000000000000000000000000000000000000000002
20000000000000000000000000000000000000000000000000000000000000000000000000000000000000000000000000002
20000000000000000000000000000000000000000000000000000000000000000000000000000000000000000000000000002
20000000000000000000000000000000000000000000000000000000000000000000000000000000000000000000000000002
20000000000000000000000000000000000000000000000000000000000000000000000000000000000000000000000000002
20000000000000000000000000000000000000000000000000000000000000000000000000000000000000000000000000002
20000000000000000000000000000000000000000000000000000000000000000000000000000000000000000000000000002
20000000000000000000000000000000000000000000000000000000000000000000000000000000000000000000000000002
20000000000000000000000000000000000000000000000000000000000000000000000000000000000000000000000000002
20000000000000000000000000000000000000000000000000000000000000000000000000000000000000000000000000002
20000000000000000000000000000000000000000000000000000000000000000000000000000000000000000000000000002
20000000000000000000000000000000000000000000000000000000000000000000000000000000000000000000000000002
20000000000000000000000000000000000000000000000000000000000000000000000000000000000000000000000000002
20000000000000000000000000000000000000000000000000000000000000000000000000000000000000000000000000002
20000000000000000000000000000000000000000000000000000000000000000000000000000000000000000000000000002
20000000000000000000000000000000000000000000000000000000000000000000000000000000000000000000000000002
20000000000000000000000000000000000000000000000000000000000000000000000000000000000000000000000000002
20000000000000000000000000000000000000000000000000000000000000000000000000000000000000000000000000002
20000000000000000000000000000000000000000000000000000000000000000000000000000000000000000000000000002
20000000000000000000000000000000000000000000000000000000000000000000000000000000000000000000000000002
20000000000000000000000000000000000000000000000000000000000000000000000000000000000000000000000000002
20000000000000000000000000000000000000000000000000000000000000000000000000000000000000000000000000002
20000000000000000000000000000000000000000000000000000000000000000000000000000000000000000000000000052
22222222222222222222222222222222222222222222222222222222222222222222222222222222222222222222222222222
