22222222222222222222222222222222222222222222222222222222222222222222222222222222222222222222222222222
29000000000000000000000000000000000000000000000000000000000000000000000000000000000000000000000000002
20000000000000000000000000000000000000000000000000000000000000000000000000000000000000000000000000002
20000000000000000000000000000000000000000000000000000005050000000000000000000000000000000000000000002
20000000000000000000000000000000000000000000000000000005555000000000000000000000000000000000000000002
20000000000000000000000000000000000000000000000000000055555000000000000000000000000000000000000000002
20000000000000000000000000000000000000000000055505000555555000000000000000000000000000000000000000002
20000000000000000000000000000000000000000000555005555550555000000000000000000000000000000000000000002
20000000000000000000000000000000000000000000550555505500555000000000000000000000000000000000000000002
20000000000050000000000000000000000005550055555555555000050000000000000000000000000000000000000000002
20000000005550000000000000000000050000550555555555500000050000000000000000000000000000000000000000002
20000000005550000000000000005000055055500555555555500000555000000000000000000000000000000000000000002
20000000000550000000000055555550055555555555555555500005555000000000000000000000000000000000000000002
20000000000050000000055055555550055555555555555000005505555000000000000000000000000000000000000000002
20000000000050000005555555055555550555555555555500055555555000000000000000000000000000000000000000002
20000000000055000000500555055505555555555555055555005555555000000000000000000000000000000000000000002
20000000000005500055505555555000555555555555555555505555555055500000000000000000000000000000000000002
20000000000000500055000055550005555555555555550005005555555555500000000000000000000000000000000000002
20000000000000555555000055000000055555555555555055555555555555000000000000000000000000000000000000002
20000000000000000000000000000000555555555555555555550555555050000000000000000000000000000000000000002
20000000000000000000000000000000000000055505555555550005555550000000000000000000000000000000000000002
20000000000000000000000000000000000000055555555555550005550555550000500000000000000000000000000000002
20000000000000000000000000000000000000000055555555500000000555555555500000000000000000000000000000002
20000000000000000000000000000000000000000055555555550000005500055055550000500000000000000000000000002
20000000000000000000000000000000000000000055005555550000005555555555550000500000000000000000000000002
20000000000000000000000000000000000000000000005555550000055555555555555005550000000000000000000000002
20000000000000000000000000000000000000000000005555555005055055555555555505550000000000000000000000002
20000000000000000000000000000000000000000000005555555555005005550555555555550550000500000000000000002
20000000000000000000000000000000000000000000005555555555000000055055555555555550005500000000000000002
20000000000000000000000000000000000000000000000005555555000000005555555555550050055500000000000000002
21111111111111111111111111111111111111111111111111111111111100000555555555555550055550000000000000002
20000000000000000000000000000000000000000000000000000000000000000000505500500550055550000000000000002
20000000000000000000000000000000000000000000000000000000000000000000000000505550055550000000000000002
20000000000000000000000000000000000000000000000000000000000000000000000000555555005500000000000000002
20000000000000000000000000000000000000000000000000000000000000000000000000000555055555000000000000002
20000000000000000000000000000000000000000000000000000000000000000000000000000500055555000000000000002
20000000000000000000000000000000000000000000000000000000000000000000000000000550050005000000000000002
20000000000000000000000000000000000000000000000000000000000000000000000000000050050055000000000000002
20000000000000000000000000000000000000000000000000000000000000000000000000000555555050000000000000002
20000000000000000000000000000000000000000000000000000000000000000000000000050555555550550000000000002
20000000000000000000000000000000000000000000000000000000000000000000000000055555550555550000000000002
20000000000000000000000000000000000000000000000000000000000000000000000000005055550555550000000000002
20000000000000000000000000000000000000000000000000000000000000000000000000005505555555550500000000002
20000000000000000000000000000000000000000000000000000000000000000000000000000555505550055500000000002
20000000000000000000000000000000000000000000000000000000000000000000000000555500505555555550000000002
20000000000000000000000000000000000000000000000000000000000000000000000000555500555505550000000000002
20000000000000000000000000000000000000000000000000000000000000000000000005505500055055550000000000002
20000000000000000000000000000000000000000000000000000000000000000000550005000000000000050000000000002
20000000000000000000000000000000000000000000000000000000000000000000555555000000000000000000000000002
20000000000000000000000000000000000000000000000000000000000000000000505555000000000000000000000000002
20000000000000000000000000000000000000000000000000000000000000000555500000000000000000000000000000002
20000000000000000000000000000000000000000000000000000000000000000505500000000000000000000000000000002
20000000000000000000000000000000000000000000000000000000000000555500000000000000000000000000000000002
20000000000000000000000000000000000000000000000000000000000000550000000000000000000000000000000000002
20000000000000000000000000000000000000000000000000000000000000550000000000000000000000000000000000002
20000000000000000000000000000000000000000000000000000000000000550000000000000000000000000000000000002
20000000000000000000000000000000000000000000000000000000000000500000000000000000000000000000000000002
20000000000000000000000000000000000000000000000000000000000005500000000000000000000000000000000000002
20000000000000000000000000000000000000000000000000000000000000500000000000000000000000000000000000002
20000000000000000000000000000000000000000000000000000000000000555000000000000000000000000000000000002
20000000000000000000000000000000000000000000000000011111111111111111111111111111111111111111111111112
20000000000000000000000000000000000000000000000000000000000000000000000000000000000000000000000000002
20000000000000000000000000000000000000000000000000000000000000000000000000000000000000000000000000002
20000000000000000000000000000000000000000000000000000000000000000000000000000000000000000000000000002
20000000000000000000000000000000000000000000000000000000000000000000000000000000000000000000000000002
20000000000000000000000000000000000000000000000000000000000000000000000000000000000000000000000000002
20000000000000000000000000000000000000000000000000000000000000000000000000000000000000000000000000002
20000000000000000000000000000000000000000000000000000000000000000000000000000000000000000000000000002
20000000000000000000000000000000000000000000000000000000000000000000000000000000000000000000000000002
20000000000000000000000000000000000000000000000000000000000000000000000000000000000000000000000000002
20000000000000000000000000000000000000000000000000000000000000000000000000000000000000000000000000002
20000000000000000000000000000000000000000000000000000000000000000000000000000000000000000000000000002
20000000000000000000000000000000000000000000000000000000000000000000000000000000000000000000000000002
20000000000000000000000000000000000000000000000000000000000000000000000000000000000000000000000000002
20000000000000000000000000000000000000000000000000000000000000000000000000000000000000000000000000002
20000000000000000000000000000000000000000000000000000000000000000000000000000000000000000000000000002
20000000000000000000000000000000000000000000000000000000000000000000000000000000000000000000000000002
20000000000000000000000000000000000000000000000000000000000000000000000000000000000000000000000000002
20000000000000000000000000000000000000000000000000000000000000000000000000000000000000000000000000002
20000000000000000000000000000000000000000000000000000000000000000000000000000000000000000000000000002
20000000000000000000000000000000000000000000000000000000000000000000000000000000000000000000000000002
20000000000000000000000000000000000000000000000000000000000000000000000000000000000000000000000000002
20000000000000000000000000000000000000000000000000000000000000000000000000000000000000000000000000002
20000000000000000000000000000000000000000000000000000000000000000000000000000000000000000000000000002
20000000000000000000000000000000000000000000000000000000000000000000000000000000000000000000000000002
20000000000000000000000000000000000000000000000000000000000000000000000000000000000000000000000000002
20000000000000000000000000000000000000000000000000000000000000000000000000000000000000000000000000002
20000000000000000000000000000000000000000000000000000000000000000000000000000000000000000000000000002
20000000000000000000000000000000000000000000000000000000000000000000000000000000000000000000000000002
20000000000000000000000000000000000000000000000000000000000000000000000000000000000000000000000000002
20000000000000000000000000000000000000000000000000000000000000000000000000000000000000000000000000002
20000000000000000000000000000000000000000000000000000000000000000000000000000000000000000000000000002
20000000000000000000000000000000000000000000000000000000000000000000000000000000000000000000000000002
20000000000000000000000000000000000000000000000000000000000000000000000000000000000000000000000000002
20000000000000000000000000000000000000000000000000000000000000000000000000000000000000000000000000002
20000000000000000000000000000000000000000000000000000000000000000000000000000000000000000000000000002
20000000000000000000000000000000000000000000000000000000000000000000000000000000000000000000000000002
20000000000000000000000000000000000000000000000000000000000000000000000000000000000000000000000000002
20000000000000000000000000000000000000000000000000000000000000000000000000000000000000000000000000002
20000000000000000000000000000000000000000000000000000000000000000000000000000000000000000000000000002
222222222222222222222222222222222222222222222222222222222222222222222222222222222222222222222222222210
