22222222222222222222222222222222222222222222222222222222222222222222222222222222222222222222222222222
29000000000000000000000000000000000000000000000000000000000000000000000000000000000000000000000000002
20000000000000000000000000000000000000000000000000000000000000000000000000000000000000000000000000002
20000000000003300000000000000000000000000000000000000000000000000000000000000000000000000000000000002
20000000000033333330000000000000000000000000000000000000000000000000000000000000000000000000000000002
20000000000033333330000000000000000000000000000000000000000003000330000000000000000000000000000000002
20000000000033333330000000000000000000003330030000000000000003003333330000000000000000000000000000002
20000000033333333300000000000000000000033300333300000000000033333333030330000000000000000000000000002
20000000333330330300000000000000000003333333333300000000000333333330033330000000000000000000000000002
20000000003333300000000000000000000033333330333300000000000333333333303330000000000000000000000000002
20000000003033300000033000000000000000300000033300000000003303333330003330000000000000000000000000002
20000000033303330033333033333000000000303300000300000003333333033333333333000000000000000000000000002
20000000033003033330003333333000000003303300000333300003000000000033333333333000000000000000000000002
20000000000000033030000000300000033033333330000033330003300000003333333333333300000000000000000000002
20000000000000003330000000303330033333033300000000330003300000003033333333300000000000000000000000002
20000000000000000000000000333333333003333300000000030003300000003003033333000000000000000000000000002
20000000000000000000000000033333333303333300000000033333330003333033333333330000000000000000000000002
20000000000000000000000000003333333330033300000000000003000003333033333333330000000000000000000000002
20000000000000000000000000003003333330003330000000000000000003330003333333330000000000000000000000002
20000000000000000000000000000000033000000300000000000000000003330003333333000000000000000000000000002
20000000000000000000000000000000000000000000000000000000000003330000000003300000000000000000000000002
20000000000000000000000000000000000000000000000000000000000003000000000000000000000000000000000000002
20000000000000000000000000000000000000000000000000000000000003000000000000000000000000000000000000002
20000000000000000000000000000000000000000000000000000000000003000000000000000000000000000000000000002
20000000000000000000000000000000000000000000000000000000000003000000000000000000000000000000000000002
20000000000000000000000000000000000000000000000000000000000003000000000000000000000000000000000000002
20000000000000000000000000000000000000000000000000000000000003000000000000000000000000000000000000002
20000000000000000000000000000000000000000000000000000000000003300000000000000000000000000000000000002
20000000000000000000000000000000000000000000000000000000000003300000000000000000000000000000000000002
20000000000000000000000000000000000000000000000000000000000003300000000000000000000000000000000000002
21111111111111111111111111111111111111111111111111111111111103000000000000000000000000000000000000002
20000000000000000000000000000000000000000000000000000000000333000000000000000000000000000000000000002
20000000000000000000000000000000000000000000000000000000000330000000000000000000000000000000000000002
20000000000000000000000000000000000000000000000000000000000000000000000000000000000000000000000000002
20000000000000000000000000000000000000000000000000000000000000000000000000000000000000000000000000002
20000000000000000000000000000000000000000000000000000000000000000000000000000000000000000000000000002
20000000000000000000000000000000000000000000000000000000000000000000000000000000000000000000000000002
20000000000000000000000000000000000000000000000000000000000000000000000000000000000000000000000000002
20000000000000000000000000000000000000000000000000000000000000000000000000000000000000000000000000002
20000000000000000000000000000000000000000000000000000000000000000000000000000000000000000000000000002
20000000000000000000000000000000000000000000000000000000000000000000000000000000000000000000000000002
20000000000000000000000000000000000000000000000000000000000000000000000000000000000000000000000000002
20000000000000000000000000000000000000000000000000000000000000000000000000000000000000000000000000002
20000000000000000000000000000000000000000000000000000000000000000000000000000000000000000000000000002
20000000000000000000000000000000000000000000000000000000000000000000000000000000000000000000000000002
20000000000000000000000000000000000000000000000000000000000000000000000000000000000000000000000000002
20000000000000000000000000000000000000000000000000000000000000000000000000000000000000000000000000002
20000000000000000000000000000000000000000000000000000000000000000000000000000000000000000000000000002
20000000000000000000000000000000000000000000000000000000000000000000000000000000000000000000000000002
20000000000000000000000000000000000000000000000000000000000000000000000000000000000000000000000000002
20000000000000000000000000000000000000000000000000000000000000000000000000000000000000000000000000002
20000000000000000000000000000000000000000000000000000000000000000000000000000000000000000000000000002
20000000000000000000000000000000000000000000000000000000000000000000000000000000000000000000000000002
20000000000000000000000000000000000000000000000000000000000000000000000000000000000000000000000000002
20000000000000000000000000000000000000000000000000000000000000000000000000000000000000000000000000002
20000000000000000000000000000000000000000000000000000000000000000000000000000000000000000000000000002
20000000000000000000000000000000000000000000000000000000000000000000000000000000000000000000000000002
20000000000000000000000000000000000000000000000000000000000000000000000000000000000000000000000000002
20000000000000000000000000000000000000000000000000000000000000000000000000000000000000000000000000002
20000000000000000000000000000000000000000000000000000000000000000000000000000000000000000000000000002
20000000000000000000000000000000000000000000000000011111111111111111111111111111111111111111111111112
20000000000000000000000000000000000000000000000000000000000000000000000000000000000000000000000000002
20000000000000000000000000000000000000000000000000000000000000000000000000000000000000000000000000002
20000000000000000000000000000000000000000000000000000000000000000000000000000000000000000000000000002
20000000000000000000000000000000000000000000000000000000000000000000000000000000000000000000000000002
20000000000000000000000000000000000000000000000000000000000000000000000000000000000000000000000000002
20000000000000000000000000000000000000000000000000000000000000000000000000000000000000000000000000002
20000000000000000000000000000000000000000000000000000000000000000000000000000000000000000000000000002
20000000000000000000000000000000000000000000000000000000000000000000000000000000000000000000000000002
20000000000000000000000000000000000000000000000000000000000000000000000000000000000000000000000000002
20000000000000000000000000000000000000000000000000000000000000000000000000000000000000000000000000002
20000000000000000000000000000000000000000000000000000000000000000000000000000000000000000000000000002
20000000000000000000000000000000000000000000000000000000000000000000000000000000000000000000000000002
20000000000000000000000000000000000000000000000000000000000000000000000000000000000000000000000000002
20000000000000000000000000000000000000000000000000000000000000000000000000000000000000000000000000002
20000000000000000000000000000000000000000000000000000000000000000000000000000000000000000000000000002
20000000000000000000000000000000000000000000000000000000000000000000000000000000000000000000000000002
20000000000000000000000000000000000000000000000000000000000000000000000000000000000000000000000000002
20000000000000000000000000000000000000000000000000000000000000000000000000000000000000000000000000002
20000000000000000000000000000000000000000000000000000000000000000000000000000000000000000000000000002
20000000000000000000000000000000000000000000000000000000000000000000000000000000000000000000000000002
20000000000000000000000000000000000000000000000000000000000000000000000000000000000000000000000000002
20000000000000000000000000000000000000000000000000000000000000000000000000000000000000000000000000002
20000000000000000000000000000000000000000000000000000000000000000000000000000000000000000000000000002
20000000000000000000000000000000000000000000000000000000000000000000000000000000000000000000000000002
20000000000000000000000000000000000000000000000000000000000000000000000000000000000000000000000000002
20000000000000000000000000000000000000000000000000000000000000000000000000000000000000000000000000002
20000000000000000000000000000000000000000000000000000000000000000000000000000000000000000000000000002
20000000000000000000000000000000000000000000000000000000000000000000000000000000000000000000000000002
20000000000000000000000000000000000000000000000000000000000000000000000000000000000000000000000000002
20000000000000000000000000000000000000000000000000000000000000000000000000000000000000000000000000002
20000000000000000000000000000000000000000000000000000000000000000000000000000000000000000000000000002
20000000000000000000000000000000000000000000000000000000000000000000000000000000000000000000000000002
20000000000000000000000000000000000000000000000000000000000000000000000000000000000000000000000000002
20000000000000000000000000000000000000000000000000000000000000000000000000000000000000000000000000002
20000000000000000000000000000000000000000000000000000000000000000000000000000000000000000000000000002
20000000000000000000000000000000000000000000000000000000000000000000000000000000000000000000000000002
20000000000000000000000000000000000000000000000000000000000000000000000000000000000000000000000000002
20000000000000000000000000000000000000000000000000000000000000000000000000000000000000000000000000002
20000000000000000000000000000000000000000000000000000000000000000000000000000000000000000000000000052
22222222222222222222222222222222222222222222222222222222222222222222222222222222222222222222222222222
