22222222222222222222222222222222222222222222222222222222222222222222222222222222222222222222222222222
29000000000000000000000000000000000000000000000000000000000000000000000000000000000000000000000000002
20000000000000000000000000000000000000000000000000000000000000550000000000000000000000000000000000002
20000000000000000000000000000000000000000000000000000000000055555550000000000000000000000000000000002
20000000000000000000000000000000000000000000000000000000000555555000000000000000000000000000000000002
20000000000000000000000000000000000000000000000000000000000550555000000000000000000000000000000000002
20000000000000000000000000000000000000000000000000000000005555555000000000000000000000000000000000002
20000000000000000000000000000000000000000000000000000000050055555500005500000000000000000000000000002
20000000000000000000000000000000000000000000000000000000555555550555005500000000000000000000000000002
20000000000000000000000500000000000000000000000000000005550000000555555500000000000000000000000000002
20000000005500000500005500000000000000000000000000000005505500055555555500000000000000000000000000002
20000000005500555555505550000000000000000000000000005055555555500555555550000000000000000000000000002
20000000005000555555555555000000055055555000000000555555550000500555555555550000000000000000000000002
20000000005000555555555555055050555550055000000550550555555555555555555555550000000000000000000000002
20000000005505555555505505555555555550055555000555500555000555550005555055550550000000000000000000002
20000000005555505555555005555000505550055555505555000005000055000055555555555550000000000000000000002
20000000005555555555500005555000005555555555505055000000000555000555555555555550000000000000000000002
20000000005555555550000555500000000055555555555005000000000055005555555555555550000000000000000000002
20000000000005550050000055000000000055555555500000000000000005555555555555550550000000000000000000002
20000000000000555050000000000000000055555555500000000000000000555555555555500550000000000000000000002
20000000000000555550000000000000000000055555500000000000000000555505555555500000000000000000000000002
20000000000000000555000000000000000000555550000000000000000000000555500000500000000000000000000000002
20000000000000000505000000000000000000050000000000000000000000000505555505500000000000000000000000002
20000000000000000000000000000000000000000000000000000000000000000000555555500000000000000000000000002
20000000000000000000000000000000000000000000000000000000000000000005555555500000000000000000000000002
20000000000000000000000000000000000000000000000000000000000000000005555555500000000000000000000000002
20000000000000000000000000000000000000000000000000000000000000000005555550555550000000000000000000002
20000000000000000000000000000000000000000000000000000000000000000005555500555550000000000000000000002
20000000000000000000000000000000000000000000000000000000000000000005055555555500000000000000000000002
20000000000000000000000000000000000000000000000000000000000000000000055555555500000000000000000000002
21111111111111111111111111111111111111111111111111111111111100000000055555550500000000000000000000002
20000000000000000000000000000000000000000000000000000000000000000000005555555500000000000000000000002
20000000000000000000000000000000000000000000000000000000000000000000555555555500000000000000000000002
20000000000000000000000000000000000000000000000000000000000000000000055555555000000000000000000000002
20000000000000000000000000000000000000000000000000000000000000000005555005055555500000000000000000002
20000000000000000000000000000000000000000000000000000000000000000005550005555500500000000000000000002
20000000000000000000000000000000000000000000000000000000000000000005550550555550500000000000000000002
20000000000000000000000000000000000000000000000000000000000000000000055555555555555000000000000000002
20000000000000000000000000000000000000000000000000000000000000000000055055555505555555000000000000002
20000000000000000000000000000000000000000000000000000000000000000005555555555505000550000000000000002
20000000000000000000000000000000000000000000000000000000000000000055505555555505505550000000000000002
20000000000000000000000000000000000000000000000000000000000000000055550055505555550050000000000000002
20000000000000000000000000000000000000000000000000000000000000000005555550005555500000000000000000002
20000000000000000000000000000000000000000000000000000000000000000000555000000555000000000000000000002
20000000000000000000000000000000000000000000000000000000000000000000555000000555000000000000000000002
20000000000000000000000000000000000000000000000000000000000000000000055000000005000000000000000000002
20000000000000000000000000000000000000000000000000000000000000000000050000000000000000000000000000002
20000000000000000000000000000000000000000000000000000000000000000000055500000000000000000000000000002
20000000000000000000000000000000000000000000000000000000000000000000005500550000000000000000000000002
20000000000000000000000000000000000000000000000000000000000000000000000555550000000000000000000000002
20000000000000000000000000000000000000000000000000000000000000000000000000500000000000000000000000002
20000000000000000000000000000000000000000000000000000000000000000000000005555550000000000000000000002
20000000000000000000000000000000000000000000000000000000000000000000000005555550000000000000000000002
20000000000000000000000000000000000000000000000000000000000000000000000005555500000000000000000000002
20000000000000000000000000000000000000000000000000000000000000000000000005055555055500000000000000002
20000000000000000000000000000000000000000000000000000000000000000000000000055555550500000000000000002
20000000000000000000000000000000000000000000000000000000000000000000000000055555500500000000000000002
20000000000000000000000000000000000000000000000000000000000000000000000000555000000555000000000000002
20000000000000000000000000000000000000000000000000000000000000000000000005555000000005000000000000002
20000000000000000000000000000000000000000000000000000000000000000000000000005000000005000000000000002
20000000000000000000000000000000000000000000000000011111111111111111111111111111111111111111111111112
20000000000000000000000000000000000000000000000000000000000000000000000000000000000000000000000000002
20000000000000000000000000000000000000000000000000000000000000000000000000000000000000000000000000002
20000000000000000000000000000000000000000000000000000000000000000000000000000000000000000000000000002
20000000000000000000000000000000000000000000000000000000000000000000000000000000000000000000000000002
20000000000000000000000000000000000000000000000000000000000000000000000000000000000000000000000000002
20000000000000000000000000000000000000000000000000000000000000000000000000000000000000000000000000002
20000000000000000000000000000000000000000000000000000000000000000000000000000000000000000000000000002
20000000000000000000000000000000000000000000000000000000000000000000000000000000000000000000000000002
20000000000000000000000000000000000000000000000000000000000000000000000000000000000000000000000000002
20000000000000000000000000000000000000000000000000000000000000000000000000000000000000000000000000002
20000000000000000000000000000000000000000000000000000000000000000000000000000000000000000000000000002
20000000000000000000000000000000000000000000000000000000000000000000000000000000000000000000000000002
20000000000000000000000000000000000000000000000000000000000000000000000000000000000000000000000000002
20000000000000000000000000000000000000000000000000000000000000000000000000000000000000000000000000002
20000000000000000000000000000000000000000000000000000000000000000000000000000000000000000000000000002
20000000000000000000000000000000000000000000000000000000000000000000000000000000000000000000000000002
20000000000000000000000000000000000000000000000000000000000000000000000000000000000000000000000000002
20000000000000000000000000000000000000000000000000000000000000000000000000000000000000000000000000002
20000000000000000000000000000000000000000000000000000000000000000000000000000000000000000000000000002
20000000000000000000000000000000000000000000000000000000000000000000000000000000000000000000000000002
20000000000000000000000000000000000000000000000000000000000000000000000000000000000000000000000000002
20000000000000000000000000000000000000000000000000000000000000000000000000000000000000000000000000002
20000000000000000000000000000000000000000000000000000000000000000000000000000000000000000000000000002
20000000000000000000000000000000000000000000000000000000000000000000000000000000000000000000000000002
20000000000000000000000000000000000000000000000000000000000000000000000000000000000000000000000000002
20000000000000000000000000000000000000000000000000000000000000000000000000000000000000000000000000002
20000000000000000000000000000000000000000000000000000000000000000000000000000000000000000000000000002
20000000000000000000000000000000000000000000000000000000000000000000000000000000000000000000000000002
20000000000000000000000000000000000000000000000000000000000000000000000000000000000000000000000000002
20000000000000000000000000000000000000000000000000000000000000000000000000000000000000000000000000002
20000000000000000000000000000000000000000000000000000000000000000000000000000000000000000000000000002
20000000000000000000000000000000000000000000000000000000000000000000000000000000000000000000000000002
20000000000000000000000000000000000000000000000000000000000000000000000000000000000000000000000000002
20000000000000000000000000000000000000000000000000000000000000000000000000000000000000000000000000002
20000000000000000000000000000000000000000000000000000000000000000000000000000000000000000000000000002
20000000000000000000000000000000000000000000000000000000000000000000000000000000000000000000000000002
20000000000000000000000000000000000000000000000000000000000000000000000000000000000000000000000000002
20000000000000000000000000000000000000000000000000000000000000000000000000000000000000000000000000002
20000000000000000000000000000000000000000000000000000000000000000000000000000000000000000000000000002
222222222222222222222222222222222222222222222222222222222222222222222222222222222222222222222222222210
